aigua = 0.84*(0.57109+0.0017625*T-0.0000067036*T^2);
carbo = 0.136*(0.20141+0.0013874*T-0.0000043312*T^2);
fibra = 0.024*(0.18331+0.0012497*T-0.0000031683*T^2);

